Time 0:
Waiting Clients: (11, 3, 5); (26, 3, 3); (3, 5, 3); (6, 6, 4); (32, 6, 4); (24, 7, 5); (14, 8, 5); (23, 8, 4); (20, 10, 4); (29, 10, 3); (31, 10, 3); (9, 12, 5); (16, 12, 4); (10, 14, 4); (5, 15, 5); (19, 15, 4); (33, 15, 5); (34, 15, 4); (12, 16, 3); (35, 17, 3); (7, 18, 5); (17, 19, 3); (13, 20, 3); (15, 21, 4); (18, 21, 4); (4, 22, 5); (28, 23, 3); (25, 24, 3); (2, 25, 4); (8, 26, 3); (22, 26, 4); (1, 27, 3); (21, 27, 4); (27, 27, 4); (30, 29, 4); 
Queue 0: closed
Queue 1: closed
Queue 2: closed
Queue 3: closed

Time 1:
Waiting Clients: (11, 3, 5); (26, 3, 3); (3, 5, 3); (6, 6, 4); (32, 6, 4); (24, 7, 5); (14, 8, 5); (23, 8, 4); (20, 10, 4); (29, 10, 3); (31, 10, 3); (9, 12, 5); (16, 12, 4); (10, 14, 4); (5, 15, 5); (19, 15, 4); (33, 15, 5); (34, 15, 4); (12, 16, 3); (35, 17, 3); (7, 18, 5); (17, 19, 3); (13, 20, 3); (15, 21, 4); (18, 21, 4); (4, 22, 5); (28, 23, 3); (25, 24, 3); (2, 25, 4); (8, 26, 3); (22, 26, 4); (1, 27, 3); (21, 27, 4); (27, 27, 4); (30, 29, 4); 
Queue 0: closed
Queue 1: closed
Queue 2: closed
Queue 3: closed

Time 2:
Waiting Clients: (11, 3, 5); (26, 3, 3); (3, 5, 3); (6, 6, 4); (32, 6, 4); (24, 7, 5); (14, 8, 5); (23, 8, 4); (20, 10, 4); (29, 10, 3); (31, 10, 3); (9, 12, 5); (16, 12, 4); (10, 14, 4); (5, 15, 5); (19, 15, 4); (33, 15, 5); (34, 15, 4); (12, 16, 3); (35, 17, 3); (7, 18, 5); (17, 19, 3); (13, 20, 3); (15, 21, 4); (18, 21, 4); (4, 22, 5); (28, 23, 3); (25, 24, 3); (2, 25, 4); (8, 26, 3); (22, 26, 4); (1, 27, 3); (21, 27, 4); (27, 27, 4); (30, 29, 4); 
Queue 0: closed
Queue 1: closed
Queue 2: closed
Queue 3: closed

Time 3:
Waiting Clients: (3, 5, 3); (6, 6, 4); (32, 6, 4); (24, 7, 5); (14, 8, 5); (23, 8, 4); (20, 10, 4); (29, 10, 3); (31, 10, 3); (9, 12, 5); (16, 12, 4); (10, 14, 4); (5, 15, 5); (19, 15, 4); (33, 15, 5); (34, 15, 4); (12, 16, 3); (35, 17, 3); (7, 18, 5); (17, 19, 3); (13, 20, 3); (15, 21, 4); (18, 21, 4); (4, 22, 5); (28, 23, 3); (25, 24, 3); (2, 25, 4); (8, 26, 3); (22, 26, 4); (1, 27, 3); (21, 27, 4); (27, 27, 4); (30, 29, 4); 
Queue 0: (11, 3, 4); 
Queue 1: (26, 3, 2); 
Queue 2: closed
Queue 3: closed

Time 4:
Waiting Clients: (3, 5, 3); (6, 6, 4); (32, 6, 4); (24, 7, 5); (14, 8, 5); (23, 8, 4); (20, 10, 4); (29, 10, 3); (31, 10, 3); (9, 12, 5); (16, 12, 4); (10, 14, 4); (5, 15, 5); (19, 15, 4); (33, 15, 5); (34, 15, 4); (12, 16, 3); (35, 17, 3); (7, 18, 5); (17, 19, 3); (13, 20, 3); (15, 21, 4); (18, 21, 4); (4, 22, 5); (28, 23, 3); (25, 24, 3); (2, 25, 4); (8, 26, 3); (22, 26, 4); (1, 27, 3); (21, 27, 4); (27, 27, 4); (30, 29, 4); 
Queue 0: (11, 3, 3); 
Queue 1: (26, 3, 1); 
Queue 2: closed
Queue 3: closed

Time 5:
Waiting Clients: (6, 6, 4); (32, 6, 4); (24, 7, 5); (14, 8, 5); (23, 8, 4); (20, 10, 4); (29, 10, 3); (31, 10, 3); (9, 12, 5); (16, 12, 4); (10, 14, 4); (5, 15, 5); (19, 15, 4); (33, 15, 5); (34, 15, 4); (12, 16, 3); (35, 17, 3); (7, 18, 5); (17, 19, 3); (13, 20, 3); (15, 21, 4); (18, 21, 4); (4, 22, 5); (28, 23, 3); (25, 24, 3); (2, 25, 4); (8, 26, 3); (22, 26, 4); (1, 27, 3); (21, 27, 4); (27, 27, 4); (30, 29, 4); 
Queue 0: (11, 3, 2); 
Queue 1: closed
Queue 2: (3, 5, 2); 
Queue 3: closed

Time 6:
Waiting Clients: (24, 7, 5); (14, 8, 5); (23, 8, 4); (20, 10, 4); (29, 10, 3); (31, 10, 3); (9, 12, 5); (16, 12, 4); (10, 14, 4); (5, 15, 5); (19, 15, 4); (33, 15, 5); (34, 15, 4); (12, 16, 3); (35, 17, 3); (7, 18, 5); (17, 19, 3); (13, 20, 3); (15, 21, 4); (18, 21, 4); (4, 22, 5); (28, 23, 3); (25, 24, 3); (2, 25, 4); (8, 26, 3); (22, 26, 4); (1, 27, 3); (21, 27, 4); (27, 27, 4); (30, 29, 4); 
Queue 0: (11, 3, 1); 
Queue 1: (6, 6, 3); 
Queue 2: (3, 5, 1); 
Queue 3: (32, 6, 3); 

Time 7:
Waiting Clients: (14, 8, 5); (23, 8, 4); (20, 10, 4); (29, 10, 3); (31, 10, 3); (9, 12, 5); (16, 12, 4); (10, 14, 4); (5, 15, 5); (19, 15, 4); (33, 15, 5); (34, 15, 4); (12, 16, 3); (35, 17, 3); (7, 18, 5); (17, 19, 3); (13, 20, 3); (15, 21, 4); (18, 21, 4); (4, 22, 5); (28, 23, 3); (25, 24, 3); (2, 25, 4); (8, 26, 3); (22, 26, 4); (1, 27, 3); (21, 27, 4); (27, 27, 4); (30, 29, 4); 
Queue 0: (24, 7, 5); 
Queue 1: (6, 6, 2); 
Queue 2: closed
Queue 3: (32, 6, 2); 

Time 8:
Waiting Clients: (20, 10, 4); (29, 10, 3); (31, 10, 3); (9, 12, 5); (16, 12, 4); (10, 14, 4); (5, 15, 5); (19, 15, 4); (33, 15, 5); (34, 15, 4); (12, 16, 3); (35, 17, 3); (7, 18, 5); (17, 19, 3); (13, 20, 3); (15, 21, 4); (18, 21, 4); (4, 22, 5); (28, 23, 3); (25, 24, 3); (2, 25, 4); (8, 26, 3); (22, 26, 4); (1, 27, 3); (21, 27, 4); (27, 27, 4); (30, 29, 4); 
Queue 0: (24, 7, 4); (23, 8, 4); 
Queue 1: (6, 6, 1); 
Queue 2: (14, 8, 4); 
Queue 3: (32, 6, 1); 

Time 9:
Waiting Clients: (20, 10, 4); (29, 10, 3); (31, 10, 3); (9, 12, 5); (16, 12, 4); (10, 14, 4); (5, 15, 5); (19, 15, 4); (33, 15, 5); (34, 15, 4); (12, 16, 3); (35, 17, 3); (7, 18, 5); (17, 19, 3); (13, 20, 3); (15, 21, 4); (18, 21, 4); (4, 22, 5); (28, 23, 3); (25, 24, 3); (2, 25, 4); (8, 26, 3); (22, 26, 4); (1, 27, 3); (21, 27, 4); (27, 27, 4); (30, 29, 4); 
Queue 0: (24, 7, 3); (23, 8, 4); 
Queue 1: closed
Queue 2: (14, 8, 3); 
Queue 3: closed

Time 10:
Waiting Clients: (9, 12, 5); (16, 12, 4); (10, 14, 4); (5, 15, 5); (19, 15, 4); (33, 15, 5); (34, 15, 4); (12, 16, 3); (35, 17, 3); (7, 18, 5); (17, 19, 3); (13, 20, 3); (15, 21, 4); (18, 21, 4); (4, 22, 5); (28, 23, 3); (25, 24, 3); (2, 25, 4); (8, 26, 3); (22, 26, 4); (1, 27, 3); (21, 27, 4); (27, 27, 4); (30, 29, 4); 
Queue 0: (24, 7, 2); (23, 8, 4); 
Queue 1: (20, 10, 3); (31, 10, 3); 
Queue 2: (14, 8, 2); 
Queue 3: (29, 10, 2); 

Time 11:
Waiting Clients: (9, 12, 5); (16, 12, 4); (10, 14, 4); (5, 15, 5); (19, 15, 4); (33, 15, 5); (34, 15, 4); (12, 16, 3); (35, 17, 3); (7, 18, 5); (17, 19, 3); (13, 20, 3); (15, 21, 4); (18, 21, 4); (4, 22, 5); (28, 23, 3); (25, 24, 3); (2, 25, 4); (8, 26, 3); (22, 26, 4); (1, 27, 3); (21, 27, 4); (27, 27, 4); (30, 29, 4); 
Queue 0: (24, 7, 1); (23, 8, 4); 
Queue 1: (20, 10, 2); (31, 10, 3); 
Queue 2: (14, 8, 1); 
Queue 3: (29, 10, 1); 

Time 12:
Waiting Clients: (10, 14, 4); (5, 15, 5); (19, 15, 4); (33, 15, 5); (34, 15, 4); (12, 16, 3); (35, 17, 3); (7, 18, 5); (17, 19, 3); (13, 20, 3); (15, 21, 4); (18, 21, 4); (4, 22, 5); (28, 23, 3); (25, 24, 3); (2, 25, 4); (8, 26, 3); (22, 26, 4); (1, 27, 3); (21, 27, 4); (27, 27, 4); (30, 29, 4); 
Queue 0: (23, 8, 4); 
Queue 1: (20, 10, 1); (31, 10, 3); 
Queue 2: (9, 12, 5); 
Queue 3: (16, 12, 4); 

Time 13:
Waiting Clients: (10, 14, 4); (5, 15, 5); (19, 15, 4); (33, 15, 5); (34, 15, 4); (12, 16, 3); (35, 17, 3); (7, 18, 5); (17, 19, 3); (13, 20, 3); (15, 21, 4); (18, 21, 4); (4, 22, 5); (28, 23, 3); (25, 24, 3); (2, 25, 4); (8, 26, 3); (22, 26, 4); (1, 27, 3); (21, 27, 4); (27, 27, 4); (30, 29, 4); 
Queue 0: (23, 8, 3); 
Queue 1: (31, 10, 3); 
Queue 2: (9, 12, 4); 
Queue 3: (16, 12, 3); 

Time 14:
Waiting Clients: (5, 15, 5); (19, 15, 4); (33, 15, 5); (34, 15, 4); (12, 16, 3); (35, 17, 3); (7, 18, 5); (17, 19, 3); (13, 20, 3); (15, 21, 4); (18, 21, 4); (4, 22, 5); (28, 23, 3); (25, 24, 3); (2, 25, 4); (8, 26, 3); (22, 26, 4); (1, 27, 3); (21, 27, 4); (27, 27, 4); (30, 29, 4); 
Queue 0: (23, 8, 2); (10, 14, 4); 
Queue 1: (31, 10, 2); 
Queue 2: (9, 12, 3); 
Queue 3: (16, 12, 2); 

Time 15:
Waiting Clients: (12, 16, 3); (35, 17, 3); (7, 18, 5); (17, 19, 3); (13, 20, 3); (15, 21, 4); (18, 21, 4); (4, 22, 5); (28, 23, 3); (25, 24, 3); (2, 25, 4); (8, 26, 3); (22, 26, 4); (1, 27, 3); (21, 27, 4); (27, 27, 4); (30, 29, 4); 
Queue 0: (23, 8, 1); (10, 14, 4); (34, 15, 4); 
Queue 1: (31, 10, 1); (5, 15, 5); 
Queue 2: (9, 12, 2); (19, 15, 4); 
Queue 3: (16, 12, 1); (33, 15, 5); 

Time 16:
Waiting Clients: (35, 17, 3); (7, 18, 5); (17, 19, 3); (13, 20, 3); (15, 21, 4); (18, 21, 4); (4, 22, 5); (28, 23, 3); (25, 24, 3); (2, 25, 4); (8, 26, 3); (22, 26, 4); (1, 27, 3); (21, 27, 4); (27, 27, 4); (30, 29, 4); 
Queue 0: (10, 14, 4); (34, 15, 4); 
Queue 1: (5, 15, 5); (12, 16, 3); 
Queue 2: (9, 12, 1); (19, 15, 4); 
Queue 3: (33, 15, 5); 

Time 17:
Waiting Clients: (7, 18, 5); (17, 19, 3); (13, 20, 3); (15, 21, 4); (18, 21, 4); (4, 22, 5); (28, 23, 3); (25, 24, 3); (2, 25, 4); (8, 26, 3); (22, 26, 4); (1, 27, 3); (21, 27, 4); (27, 27, 4); (30, 29, 4); 
Queue 0: (10, 14, 3); (34, 15, 4); 
Queue 1: (5, 15, 4); (12, 16, 3); 
Queue 2: (19, 15, 4); 
Queue 3: (33, 15, 4); (35, 17, 3); 

Time 18:
Waiting Clients: (17, 19, 3); (13, 20, 3); (15, 21, 4); (18, 21, 4); (4, 22, 5); (28, 23, 3); (25, 24, 3); (2, 25, 4); (8, 26, 3); (22, 26, 4); (1, 27, 3); (21, 27, 4); (27, 27, 4); (30, 29, 4); 
Queue 0: (10, 14, 2); (34, 15, 4); 
Queue 1: (5, 15, 3); (12, 16, 3); 
Queue 2: (19, 15, 3); (7, 18, 5); 
Queue 3: (33, 15, 3); (35, 17, 3); 

Time 19:
Waiting Clients: (13, 20, 3); (15, 21, 4); (18, 21, 4); (4, 22, 5); (28, 23, 3); (25, 24, 3); (2, 25, 4); (8, 26, 3); (22, 26, 4); (1, 27, 3); (21, 27, 4); (27, 27, 4); (30, 29, 4); 
Queue 0: (10, 14, 1); (34, 15, 4); (17, 19, 3); 
Queue 1: (5, 15, 2); (12, 16, 3); 
Queue 2: (19, 15, 2); (7, 18, 5); 
Queue 3: (33, 15, 2); (35, 17, 3); 

Time 20:
Waiting Clients: (15, 21, 4); (18, 21, 4); (4, 22, 5); (28, 23, 3); (25, 24, 3); (2, 25, 4); (8, 26, 3); (22, 26, 4); (1, 27, 3); (21, 27, 4); (27, 27, 4); (30, 29, 4); 
Queue 0: (34, 15, 4); (17, 19, 3); 
Queue 1: (5, 15, 1); (12, 16, 3); (13, 20, 3); 
Queue 2: (19, 15, 1); (7, 18, 5); 
Queue 3: (33, 15, 1); (35, 17, 3); 

Time 21:
Waiting Clients: (4, 22, 5); (28, 23, 3); (25, 24, 3); (2, 25, 4); (8, 26, 3); (22, 26, 4); (1, 27, 3); (21, 27, 4); (27, 27, 4); (30, 29, 4); 
Queue 0: (34, 15, 3); (17, 19, 3); (15, 21, 4); 
Queue 1: (12, 16, 3); (13, 20, 3); 
Queue 2: (7, 18, 5); (18, 21, 4); 
Queue 3: (35, 17, 3); 

Time 22:
Waiting Clients: (28, 23, 3); (25, 24, 3); (2, 25, 4); (8, 26, 3); (22, 26, 4); (1, 27, 3); (21, 27, 4); (27, 27, 4); (30, 29, 4); 
Queue 0: (34, 15, 2); (17, 19, 3); (15, 21, 4); 
Queue 1: (12, 16, 2); (13, 20, 3); 
Queue 2: (7, 18, 4); (18, 21, 4); 
Queue 3: (35, 17, 2); (4, 22, 5); 

Time 23:
Waiting Clients: (25, 24, 3); (2, 25, 4); (8, 26, 3); (22, 26, 4); (1, 27, 3); (21, 27, 4); (27, 27, 4); (30, 29, 4); 
Queue 0: (34, 15, 1); (17, 19, 3); (15, 21, 4); 
Queue 1: (12, 16, 1); (13, 20, 3); (28, 23, 3); 
Queue 2: (7, 18, 3); (18, 21, 4); 
Queue 3: (35, 17, 1); (4, 22, 5); 

Time 24:
Waiting Clients: (2, 25, 4); (8, 26, 3); (22, 26, 4); (1, 27, 3); (21, 27, 4); (27, 27, 4); (30, 29, 4); 
Queue 0: (17, 19, 3); (15, 21, 4); 
Queue 1: (13, 20, 3); (28, 23, 3); 
Queue 2: (7, 18, 2); (18, 21, 4); (25, 24, 3); 
Queue 3: (4, 22, 5); 

Time 25:
Waiting Clients: (8, 26, 3); (22, 26, 4); (1, 27, 3); (21, 27, 4); (27, 27, 4); (30, 29, 4); 
Queue 0: (17, 19, 2); (15, 21, 4); 
Queue 1: (13, 20, 2); (28, 23, 3); 
Queue 2: (7, 18, 1); (18, 21, 4); (25, 24, 3); 
Queue 3: (4, 22, 4); (2, 25, 4); 

Time 26:
Waiting Clients: (1, 27, 3); (21, 27, 4); (27, 27, 4); (30, 29, 4); 
Queue 0: (17, 19, 1); (15, 21, 4); (8, 26, 3); 
Queue 1: (13, 20, 1); (28, 23, 3); (22, 26, 4); 
Queue 2: (18, 21, 4); (25, 24, 3); 
Queue 3: (4, 22, 3); (2, 25, 4); 

Time 27:
Waiting Clients: (30, 29, 4); 
Queue 0: (15, 21, 4); (8, 26, 3); (27, 27, 4); 
Queue 1: (28, 23, 3); (22, 26, 4); 
Queue 2: (18, 21, 3); (25, 24, 3); (1, 27, 3); 
Queue 3: (4, 22, 2); (2, 25, 4); (21, 27, 4); 

Time 28:
Waiting Clients: (30, 29, 4); 
Queue 0: (15, 21, 3); (8, 26, 3); (27, 27, 4); 
Queue 1: (28, 23, 2); (22, 26, 4); 
Queue 2: (18, 21, 2); (25, 24, 3); (1, 27, 3); 
Queue 3: (4, 22, 1); (2, 25, 4); (21, 27, 4); 

Time 29:
Waiting Clients: Empty
Queue 0: (15, 21, 2); (8, 26, 3); (27, 27, 4); 
Queue 1: (28, 23, 1); (22, 26, 4); (30, 29, 4); 
Queue 2: (18, 21, 1); (25, 24, 3); (1, 27, 3); 
Queue 3: (2, 25, 4); (21, 27, 4); 

Time 30:
Waiting Clients: Empty
Queue 0: (15, 21, 1); (8, 26, 3); (27, 27, 4); 
Queue 1: (22, 26, 4); (30, 29, 4); 
Queue 2: (25, 24, 3); (1, 27, 3); 
Queue 3: (2, 25, 3); (21, 27, 4); 


--- Simulation Summary ---
Average Waiting Time: 3,06
Average Service Time: 3,89
Peak Hour: 16
---------------------------
